1720
5131
5246
5306
5369
5391
5394
5421
5429
5442
5452
5463
5473
5475
5499
5511
5515
5520
5545
5549
5565
5584
5605
5623
5662
5671
5677
5686
5701
5705
5718
5728
5760
5769
5774
5811
5816
5819
5822
5837
5854
5860
5864
5881
5907
5938
5940
5948
5950
5952
5962
6015
6036
6041
6048
6054
6058
6074
6083
6100
6103
6107
6132
6133
6148
6160
6167
6169
6188
6190
6207
6218
6226
6229
6236
6239
6240
6253
6254
6256
6274
6288
6290
6292
6305
6306
6318
6319
6328
6330
6337
6342
6356
6357
6381
6386
6391
6399
6401
6403
6424
6425
6429
6438
6451
6455
6456
6461
6477
6512
6513
6522
6527
6531
6532
6534
6538
6542
6545
6551
6558
6574
6604
6605
6606
6616
6625
6637
6642
6645
6650
6659
6678
6681
6684
6686
6694
6703
6704
6708
6712
6717
6719
6720
6726
6738
6742
6743
6747
6748
6749
6755
6765
6766
6770
6777
6779
6787
6789
6792
6793
6794
6798
6800
6802
6810
6816
6821
6822
6823
6824
6825
6830
6846
6847
6853
6858
6859
6861
6862
6864
6870
6872
6876
6877
6878
6884
6886
6890
6893
6896
6898
6901
6906
6907
6908
6910
6914
6915
6917
6918
6922
6926
6934
6936
6937
6941
6942
6943
6946
6951
6958
6960
6962
6967
6979
6982
6988
6992
6998
6999
7004
7014
7016
7021
7029
7041
7044
7047
7049
7051
7058
7063
7069
7072
7079
7082
7084
7087
7089
7095
7098
7100
7108
7109
7111
7115
7116
7120
7122
7129
7132
7151
7158
7159
7161
7171
7180
7182
7184
7185
7189
7192
7200
7201
7202
7205
7209
7213
7214
7224
7225
7229
7231
7234
7236
7238
7240
7242
7243
7246
7247
7251
7254
7255
7257
7258
7261
7264
7266
7267
7268
7273
7281
7284
7287
7289
7290
7292
7293
7301
7302
7310
7325
7327
7331
7332
7333
7338
7339
7345
7352
7353
7356
7357
7360
7362
7363
7365
7366
7368
7370
7372
7374
7379
7383
7385
7386
7387
7391
7392
7393
7395
7397
7400
7402
7404
7405
7407
7409
7410
7413
7414
7415
7419
7420
7421
7425
7426
7428
7431
7438
7441
7444
7449
7451
7453
7457
7458
7461
7464
7466
7468
7470
7473
7475
7479
7485
7486
7487
7491
7492
7504
7506
7508
7511
7516
7518
7519
7520
7523
7526
7530
7531
7535
7538
7541
7545
7548
7550
7552
7553
7557
7559
7560
7564
7567
7579
7589
7592
7594
7595
7597
7598
7602
7603
7606
7612
7614
7617
7618
7620
7621
7622
7623
7624
7625
7626
7628
7629
7632
7634
7635
7637
7644
7650
7653
7655
7657
7662
7664
7668
7671
7679
7686
7688
7693
7699
7702
7703
7708
7715
7718
7719
7724
7725
7727
7729
7734
7736
7738
7743
7744
7748
7749
7750
7751
7752
7754
7756
7762
7765
7768
7769
7771
7776
7777
7790
7791
7798
7799
7800
7805
7809
7811
7817
7818
7828
7833
7836
7846
7848
7855
7860
7861
7867
7869
7872
7873
7876
7879
7880
7886
7888
7889
7891
7892
7897
7899
7901
7910
7917
7918
7920
7921
7925
7934
7938
7940
7941
7942
7945
7956
7957
7958
7962
7966
7973
7974
7975
7981
7987
7994
7995
7997
7999
8001
8006
8007
8011
8016
8019
8030
8036
8037
8043
8044
8051
8052
8055
8058
8059
8061
8062
8066
8071
8073
8074
8078
8083
8095
8102
8103
8110
8111
8114
8115
8116
8117
8119
8120
8123
8126
8128
8137
8138
8141
8145
8147
8159
8162
8168
8170
8172
8175
8176
8180
8181
8182
8193
8197
8199
8200
8202
8206
8207
8217
8221
8227
8228
8230
8238
8242
8243
8245
8250
8261
8268
8276
8277
8283
8288
8297
8302
8310
8312
8317
8319
8320
8323
8328
8335
8336
8339
8340
8346
8349
8350
8352
8356
8362
8363
8371
8373
8377
8378
8385
8387
8389
8392
8393
8395
8396
8406
8415
8417
8421
8430
8431
8433
8438
8440
8451
8452
8458
8466
8467
8469
8472
8475
8479
8484
8487
8489
8502
8507
8512
8515
8518
8526
8535
8537
8555
8556
8563
8567
8573
8586
8593
8594
8595
8596
8602
8604
8607
8608
8609
8612
8625
8626
8627
8632
8635
8641
8642
8646
8650
8651
8655
8673
8674
8698
8699
8700
8701
8704
8705
8711
8712
8717
8722
8730
8731
8732
8745
8746
8751
8754
8760
8767
8770
8772
8773
8785
8792
8794
8796
8797
8799
8800
8801
8803
8808
8809
8812
8814
8815
8818
8822
8826
8827
8828
8847
8853
8856
8873
8877
8879
8887
8889
8891
8893
8897
8902
8904
8911
8915
8922
8923
8928
8934
8943
8946
8950
8957
8959
8964
8966
8970
8976
8978
8985
8986
8990
8993
8995
9002
9007
9017
9031
9033
9034
9040
9050
9060
9064
9069
9071
9074
9075
9080
9081
9083
9087
9094
9097
9098
9099
9101
9110
9114
9117
9120
9121
9128
9129
9133
9138
9145
9148
9160
9162
9164
9175
9178
9186
9189
9190
9191
9192
9197
9204
9207
9210
9212
9219
9220
9228
9229
9239
9241
9245
9249
9252
9254
9255
9269
9270
9284
9288
9296
9300
9303
9304
9306
9310
9311
9314
9318
9321
9324
9327
9329
9337
9341
9350
9352
9367
9376
9377
9378
9379
9380
9383
9387
9397
9401
9410
9412
9414
9415
9417
9419
9423
9427
9431
9438
9458
9459
9460
9470
9473
9478
9484
9486
9491
9499
9508
9510
9512
9514
9531
9534
9541
9544
9548
9551
9557
9571
9573
9576
9578
9583
9585
9593
9605
9609
9610
9619
9621
9637
9638
9639
9642
9643
9650
9652
9663
9669
9673
9674
9676
9690
9694
9695
9702
9712
9713
9723
9726
9736
9738
9742
9743
9744
9747
9749
9755
9756
9764
9765
9786
9787
9789
9798
9809
9813
9815
9819
9835
9843
9848
9850
9860
9862
9871
9875
9880
9896
9906
9912
9915
9916
9917
9918
9924
9925
9936
9937
9938
9943
9944
9945
9946
9950
9954
9961
9964
9972
9975
9981
9993
9994
10002
10023
10024
10025
10028
10036
10037
10038
10047
10050
10051
10052
10063
10068
10070
10076
10080
10082
10083
10088
10094
10096
10100
10103
10113
10114
10116
10128
10129
10135
10139
10142
10146
10148
10156
10167
10168
10174
10191
10196
10199
10224
10229
10231
10234
10250
10253
10256
10262
10268
10273
10278
10279
10280
10296
10297
10300
10308
10310
10311
10319
10324
10337
10342
10343
10345
10356
10366
10369
10373
10376
10379
10385
10392
10396
10400
10404
10405
10406
10409
10415
10416
10418
10433
10435
10436
10437
10442
10446
10448
10450
10451
10459
10471
10473
10474
10491
10507
10514
10520
10531
10533
10534
10543
10545
10551
10556
10559
10570
10572
10574
10581
10602
10605
10640
10644
10648
10652
10655
10659
10662
10663
10679
10691
10695
10701
10705
10706
10708
10709
10710
10715
10718
10719
10722
10724
10730
10738
10741
10747
10750
10769
10773
10779
10796
10799
10801
10804
10812
10821
10826
10828
10832
10837
10848
10866
10867
10868
10869
10871
10873
10883
10889
10892
10897
10903
10904
10906
10907
10908
10911
10913
10915
10917
10919
10920
10924
10925
10930
10934
10939
10940
10942
10948
10953
10964
10966
10970
10977
10993
10995
11000
11003
11004
11005
11006
11007
11011
11022
11024
11025
11026
11030
11031
11033
11035
11037
11038
11046
11052
11059
11062
11063
11065
11066
11070
11074
11082
11083
11088
11090
11098
11099
11102
11106
11117
11118
11121
11127
11138
11141
11143
11151
11153
11162
11164
11170
11171
11172
11173
11178
11187
11190
11196
11198
11200
11207
11215
11223
11234
11238
11242
11243
11244
11245
11255
11257
11262
11265
11270
11272
11277
11278
11283
11288
11300
11301
11306
11307
11308
11312
11313
11319
11328
11355
11363
11365
11366
11367
11370
11373
11379
11385
11391
11393
11399
11401
11412
11414
11415
11417
11421
11426
11428
11442
11443
11445
11446
11449
11450
11452
11453
11462
11466
11479
11481
11505
11508
11516
11521
11533
11558
11577
11579
11582
11587
11588
11606
11608
11614
11628
11630
11650
11651
11667
11668
11672
11676
11684
11689
11691
11730
11739
11742
11750
11751
11754
11764
11769
11773
11784
11786
11788
11789
11799
11809
11816
11818
11821
11822
11824
11849
11855
11869
11875
11880
11895
11897
11906
11908
11910
11911
11913
11920
11921
11943
11948
11952
11965
11971
11975
11976
11977
11980
11981
11997
12011
12014
12016
12026
12034
12037
12045
12050
12054
12056
12061
12072
12073
12074
12083
12089
12096
12116
12123
12135
12151
12160
12173
12175
12184
12186
12202
12203
12208
12209
12212
12213
12216
12217
12221
12224
12229
12230
12232
12240
12256
12265
12269
12291
12307
12325
12327
12329
12339
12343
12381
12384
12390
12408
12409
12410
12415
12419
12422
12427
12428
12435
12437
12439
12441
12443
12445
12455
12465
12466
12471
12476
12488
12489
12491
12493
12495
12507
12510
12519
12521
12524
12528
12534
12553
12558
12563
12580
12582
12592
12595
12624
12652
12653
12655
12659
12661
12670
12676
12681
12682
12688
12691
12693
12697
12698
12706
12710
12712
12716
12723
12726
12727
12740
12751
12754
12758
12763
12769
12774
12813
12823
12824
12831
12835
12845
12849
12858
12865
12877
12896
12899
12900
12901
12908
12912
12914
12920
12945
12952
12957
12971
12984
12988
13007
13012
13027
13032
13047
13048
13051
13062
13071
13076
13083
13089
13090
13096
13111
13121
13129
13135
13140
13144
13147
13158
13175
13185
13190
13204
13220
13228
13242
13243
13244
13253
13266
13283
13292
13297
13301
13304
13310
13311
13318
13321
13332
13336
13356
13361
13362
13368
13375
13380
13381
13404
13405
13406
13433
13453
13454
13479
13486
13490
13492
13497
13505
13510
13525
13527
13530
13541
13553
13559
13585
13591
13592
13600
13603
13604
13605
13609
13621
13632
13651
13652
13660
13668
13684
13685
13692
13693
13706
13715
13716
13718
13726
13736
13748
13753
13758
13762
13770
13775
13776
13788
13789
13806
13824
13848
13850
13859
13861
13866
13899
13902
13911
13913
13915
13922
13947
13968
13970
13978
13982
13984
13989
13990
13992
14002
14022
14026
14041
14057
14079
14083
14086
14092
14095
14104
14107
14134
14139
14163
14167
14169
14181
14198
14202
14212
14219
14227
14232
14243
14260
14262
14267
14283
14291
14294
14295
14299
14305
14309
14310
14312
14331
14346
14352
14353
14357
14369
14370
14372
14373
14374
14394
14397
14423
14433
14465
14469
14482
14486
14501
14513
14554
14555
14561
14584
14587
14588
14593
14597
14611
14634
14638
14661
14663
14671
14673
14695
14702
14721
14732
14736
14802
14831
14833
14834
14836
14855
14869
14907
14916
14926
14933
14944
14951
14957
14978
14988
15050
15063
15107
15111
15203
15219
15226
15272
15409
15417
